[0.017 0.017 0.288 0.017 0.017 0.017 0.288 0.017 0.017 0.017 0.288]
[0.027 0.002 0.002 0.467 0.027 0.002 0.002 0.467 0.002 0.002 0.002]
[0.000 0.003 0.000 0.003 0.931 0.003 0.000 0.003 0.055 0.000 0.000]
[0.000 0.000 0.000 0.000 0.000 0.943 0.000 0.000 0.000 0.055 0.000]
[0.000 0.000 0.000 0.003 0.000 0.000 0.938 0.003 0.000 0.000 0.055]
[0.055 0.000 0.000 0.000 0.003 0.000 0.003 0.932 0.003 0.000 0.003]
[0.003 0.052 0.000 0.003 0.003 0.003 0.000 0.052 0.881 0.003 0.000]
[0.000 0.002 0.028 0.000 0.002 0.002 0.002 0.000 0.482 0.482 0.002]
[0.000 0.000 0.000 0.003 0.000 0.003 0.000 0.000 0.000 0.937 0.055]
[0.052 0.000 0.000 0.003 0.052 0.000 0.003 0.003 0.000 0.000 0.886]
[0.883 0.052 0.003 0.000 0.003 0.052 0.000 0.003 0.003 0.000 0.000]
[0.003 0.840 0.049 0.003 0.000 0.003 0.049 0.000 0.049 0.003 0.000]
[0.000 0.027 0.457 0.027 0.002 0.002 0.002 0.027 0.000 0.457 0.002]
[0.000 0.000 0.052 0.052 0.003 0.000 0.003 0.000 0.003 0.000 0.886]
[0.326 0.000 0.000 0.326 0.326 0.001 0.000 0.019 0.000 0.001 0.000]
[0.000 0.052 0.000 0.000 0.891 0.052 0.000 0.000 0.003 0.000 0.000]
[0.000 0.000 0.003 0.000 0.000 0.990 0.003 0.000 0.000 0.003 0.000]
[0.000 0.000 0.000 0.052 0.000 0.000 0.892 0.052 0.000 0.000 0.003]
[0.003 0.000 0.000 0.000 0.052 0.000 0.000 0.892 0.052 0.000 0.000]
[0.000 0.003 0.000 0.003 0.000 0.052 0.000 0.000 0.889 0.052 0.000]
[0.000 0.000 0.003 0.000 0.003 0.000 0.052 0.000 0.003 0.886 0.052]
[0.047 0.003 0.000 0.003 0.000 0.047 0.000 0.047 0.000 0.047 0.805]
[0.314 0.018 0.018 0.000 0.001 0.000 0.314 0.000 0.018 0.000 0.314]
[0.886 0.052 0.003 0.003 0.000 0.000 0.000 0.052 0.000 0.003 0.000]
[0.000 0.993 0.003 0.000 0.000 0.000 0.000 0.000 0.003 0.000 0.000]
[0.000 0.000 1.000 0.000 0.000 0.000 0.000 0.000 0.000 0.000 0.000]
[0.000 0.000 0.000 1.000 0.000 0.000 0.000 0.000 0.000 0.000 0.000]
